 15788 1993 SB            E. Bowell        7.7   0.15                   16   0   0   4   0   8  2590   45 20101031 342.870603  78.540910 354.771112  1.935479 0.32375525  39.60823064 20080418 6.5E+00 -1.7E-03 20100919 6.5E+00 20100910 1.8E+01 20181018 2.9E+00 20190926
 15810 1994 JR1           E. Bowell        7.7   0.15                    0   0   0   4   0   8  2236   43 20101031  20.265495 103.493839 144.818385  3.799387 0.11770033  39.42757477 20080418 4.3E+00 -8.2E-04 20100919 4.7E+00 20100503 1.2E+01 20180528 1.4E+00 20190506
 15875 1996 TP66          E. Bowell        6.8   0.15                   16   0   0   0   0   1  4302   70 20101031  15.104125  75.360541 316.704051  5.692944 0.33501024  39.63295173 20090520 5.1E-01  1.7E-04 20100919 5.1E-01 20100930 2.0E+00 20191025 1.5E+00 20191024
 20108 1995 QZ9           E. Bowell        7.9   0.15                    0   0   0   4   0   8  1919   41 20101031  49.692971 144.535106 187.947931 19.519265 0.14906498  39.66379439 20080419 8.1E+00 -2.9E-03 20100919 8.1E+00 20100905 2.0E+01 20180928 1.3E+00 20200605
 24952 1997 QJ4           E. Bowell        7.5   0.15                    0   0   0   4   0   7  4048   35 20101031 331.017696  81.032947 346.773961 16.539710 0.22983430  39.62687457 20090520 4.3E-01 -6.3E-04 20100919 4.5E-01 20100803 2.3E+00 20190910 1.6E+00 20190910
 28978 Ixion              E. Bowell        3.2   0.15                   16   0   0   0   0   1 10196  152 20101031 273.651891 299.599056  71.041223 19.646618 0.24604476  39.54612867 20100708 9.2E-02 -5.8E-05 20100919 9.3E-02 20100906 4.1E-01 20200408 4.1E-01 20200417
 33340 1998 VG44          E. Bowell        6.5   0.15                   16   0   0   0   0   1  3936   53 20101031 355.780838 323.774994 127.913436  3.039562 0.25362767  39.35099066 20091214 3.6E-01  3.9E-04 20100919 3.7E-01 20101110 1.6E+00 20191118 1.4E+00 20200810
 38628 Huya               E. Bowell        4.7   0.15                   16   0   0   0   0   1  4814  134 20101031 353.559306  68.133978 169.408734 15.488328 0.27490549  39.33615629 20091115 2.7E-01  3.8E-04 20100919 4.0E-01 20110304 1.7E+00 20190409 1.3E+00 20200410
 47932 2000 GN171         E. Bowell        6.0   0.15                   16   0   0   0   0   4  6606   58 20101031   1.017779 195.354518  26.130904 10.831077 0.27961283  39.26486145 20091115 5.6E-01  1.2E-03 20100919 8.9E-01 20110224 3.3E+00 20190401 2.1E+00 20200401
 55638 2002 VE95          E. Bowell        5.3   0.15                   16   0   0   0   0   1  6679  190 20101031  13.243217 206.929804 199.726941 16.312067 0.29175165  39.48528258 20091115 8.3E-02  1.7E-05 20100919 8.3E-02 20100923 3.8E-01 20191030 3.6E-01 20191030
 69986 1998 WW24          E. Bowell        7.5   0.15                    0   0   0   6   0   7  3598   26 20101031  35.065752 146.537885 233.946173 13.917896 0.22848158  39.59724457 20090520 2.9E-01  2.5E-04 20100919 4.0E-01 20110301 1.3E+00 20191026 1.5E+00 20201024
 69990 1998 WU31          E. Bowell        8.0   0.15                    0   0   0   6   0   7  2479   23 20101031  38.094685 141.941245 237.138740  6.571198 0.19007948  39.39307614 20090520 6.6E-01  5.2E-04 20100919 6.7E-01 20101020 2.3E+00 20190721 7.7E-01 20200720
 84719 2002 VR128         E. Bowell        5.7   0.15                   16   0   0   0   0   1  8334   54 20101031  64.160242 289.331799  23.029048 13.985360 0.26616905  39.64068224 20090602 3.7E-01 -3.4E-04 20100919 3.7E-01 20100829 9.5E-01 20180916 6.9E-01 20190914
 84922 2003 VS2           E. Bowell        4.2   0.15                    0   0   0   0   0   0  6291  110 20101031  10.237979 111.683466 302.667473 14.798277 0.07956687  39.56899789 20081213 2.5E-01  2.7E-05 20100919 2.5E-01 20100922 8.1E-01 20191019 6.0E-01 20191019
 90482 Orcus              E. Bowell        2.3   0.15                   16   0   0   0   0   1 21278  352 20101031 166.625903  73.163770 268.575553 20.568195 0.22697605  39.18241069 20100307 3.3E-02  1.4E-04 20100919 2.8E-02 20100526 1.2E-01 20191207 1.2E-01 20191219
 91133 1998 HK151         E. Bowell        7.6   0.15                    0   0   0   4   0   8  1178   31 20101031  17.180513 181.297597  50.281983  5.948181 0.22782593  39.37253133 20080419 4.3E+00  9.2E-04 20100919 4.8E+00 20100423 1.3E+01 20180523 4.9E-01 20200122
 91205 1998 US43          E. Bowell        7.9   0.15                    0   0   0   5   0   7  3664   20 20101031  51.033753 141.589755 223.804789 10.590654 0.13569156  39.41007086 20090520 3.2E-01 -4.6E-05 20100919 3.2E-01 20100918 1.7E+00 20191016 1.1E+00 20191015
118228 1996 TQ66          E. Bowell        7.1   0.15                    0   0   0   5   0   7  4371   48 20101031  17.031979  19.721838  10.653552 14.642378 0.12657357  39.60949236 20090520 2.9E-01  8.3E-05 20100919 3.2E-01 20110207 1.2E+00 20191014 1.2E+00 20201005
119069 2001 KN77          E. Bowell        7.0   0.15                   16   0   0   0   0   4  2538   27 20101031 309.626013 280.609471  45.413692  2.363950 0.24253799  39.16066474 20090520 5.2E-01  9.1E-05 20100919 5.2E-01 20100402 3.8E+00 20190504 2.1E+00 20200101
120216 2004 EW95          E. Bowell        6.9   0.15                   16   0   0   0   0   1  2875   52 20101031 349.029013 204.847343  25.744535 29.324078 0.31377855  39.28421377 20100829 2.5E-01 -1.1E-03 20100919 3.6E-01 20110721 1.9E+00 20200420 2.0E+00 20210410
126155 2001 YJ140         E. Bowell        7.3   0.15                   16   0   0   6   0   7  2455   24 20101031   3.648240 129.041902 319.403873  5.981970 0.29411623  39.49565758 20090520 4.7E-01  8.9E-04 20100919 4.3E-01 20100322 2.9E+00 20181206 3.2E+00 20191205
129746 1999 CE119         E. Bowell        8.7   0.15                   16   0   0   5   0   7  2569   12 20101031 357.767003  34.955118 171.634923  1.477020 0.26576465  39.16102454 20080419 1.0E+00  5.9E-04 20100919 1.3E+00 20110513 4.4E+00 20190409 2.5E+00 20210210
131318 2001 FL194         E. Bowell        7.8   0.15                    0   0   0   6   0   7  1798   22 20101031  20.405737 170.717797   2.124835 13.725288 0.17084586  39.17055224 20080419 1.9E+00 -3.5E-04 20100919 2.0E+00 20100721 8.2E+00 20190419 3.1E+00 20200229
133067 2003 FB128         E. Bowell        6.8   0.15                   16   0   0   0   0   4  1241   40 20101031  44.628852 304.727177 209.525012  8.899268 0.25522362  39.43718442 20080419 1.4E+00  4.0E-03 20100919 2.1E+00 20110307 8.9E+00 20190402 1.1E+00 20201205
134340 Pluto              E. Bowell       -0.7   0.15                   16   0   0   0   0   1 35284 2963 20101031  30.201540 114.340967 110.316862 17.131297 0.24874542  39.54376426 20100908 2.3E-02 -7.6E-06 20100919 2.8E-02 20110514 5.8E-02 20200609 5.8E-02 20200609
139775 2001 QG298         E. Bowell        7.0   0.15                    0   0   0   0   0   0  2567   67 20101031 359.937223 209.151570 162.491269  6.480302 0.19919457  39.66201295 20081201 1.8E-01 -2.3E-04 20100919 1.8E-01 20100804 1.1E+00 20180910 7.3E-01 20200504
144897 2004 UX10          E. Bowell        4.7   0.15                    0   0   0   0   0   0 19831   83 20101031  78.894813 160.104426 147.859687  9.524007 0.04309277  39.21593761 20090520 1.9E-01 -4.2E-04 20100919 2.0E-01 20100810 5.8E-01 20180831 5.3E-01 20190903
168700 2000 GE147         E. Bowell        8.5   0.15                   16   0   0   0   0   8  2656   15 20101031  10.538249  49.809091 154.822530  4.994503 0.22870423  39.27043022 20080420 2.2E+00  9.1E-03 20100919 3.8E+00 20110227 1.5E+01 20190403 1.5E+00 20200405
168703 2000 GP183         E. Bowell        6.6   0.15                    0   0   0   0   0   3  2656   18 20101031 341.288644 221.996064  23.416811  4.926044 0.07389369  39.71437912 20080421 7.7E-01  2.1E-03 20100919 1.2E+00 20110228 4.6E+00 20190327 1.3E+00 20201128
169071 2001 FR185         E. Bowell        8.0   0.15                    0   0   0   0   0   3  2299   14 20101031 329.534912 337.022599 287.569820  5.636273 0.19070604  39.15663996 20080421 1.6E+00  7.1E-03 20100919 2.8E+00 20110222 1.2E+01 20190328 2.5E+00 20201122
175113 2004 PF115         E. Bowell        4.7   0.15                    0   0   0   0   0   0  6314   31 20101031 156.995687  85.103689  84.629185 13.356968 0.06209710  39.16640081 20100419 1.3E-01  7.1E-04 20100919 2.3E-01 20100524 7.0E-01 20190616 5.2E-01 20190624
208996 2003 AZ84          E. Bowell        3.6   0.15                    0   0   0   0   0   0  4720   64 20101031 219.340581  15.840848 251.993385 13.557890 0.17874137  39.42857089 20090312 2.8E-01  6.1E-04 20100919 2.3E-01 20100425 1.1E+00 20181127 1.2E+00 20191126
       1993 RO            E. Bowell        8.01  0.15                    0   0   0   0   0   3  2185   40 20101031  18.692826 189.007048 170.247709  3.708734 0.20290290  39.49950990 20080418 9.6E+00 -3.6E-03 20100919 9.6E+00 20100902 2.2E+01 20180928 3.2E+00 20190902
       1994 TG2           E. Bowell        7.12  0.15                    0   2   0   0   0   3    32    8 20101031 202.320885 179.564810 353.145079  2.406373 0.08696159  39.58835756 20080419 3.7E+05  2.5E+01 20100919 3.7E+05 20100929 4.1E+05 20181007 3.8E+03 20200629
       1995 HM5           E. Bowell        8.27  0.15                   16   0   0   0   0   4  1488   28 20101031 344.491631  60.584716 186.727517  4.822786 0.25084047  39.43262545 20080418 1.3E+01  1.2E-02 20100919 1.4E+01 20100319 3.6E+01 20180420 2.4E+00 20191218
       1995 KJ1           E. Bowell        6.40  0.15                    0   2   0   0   0   3    26    7 20101031 224.392652 343.556523  47.860700  2.991623 0.13155097  39.28528859 19971201 4.1E+05 -1.2E+02 20100919 4.2E+05 20100520 4.6E+05 20180531 4.0E+03 20200218
       1995 YY3           E. Bowell        8.54  0.15                    0   2   0   0   0   3   264   19 20101031  23.798548 319.737760 100.011361  0.437385 0.22174222  39.40638443 20080419 2.2E+04  2.3E+01 20100919 2.3E+04 20101121 4.9E+04 20181216 3.7E+01 20200821
       1997 CW29          E. Bowell        6.57  0.15                    0   2   0   0   0   3    27   11 20101031 186.893785 199.436593 110.658726 18.884888 0.07257615  39.61796461 19971212 3.5E+05  1.0E+02 20100919 3.6E+05 20110203 3.9E+05 20190210 5.8E+02 20201103
       1998 HH151         E. Bowell        8.40  0.15                    0   0   0   0   0   3  1118   24 20101031 354.513245  34.122836 194.851478  8.801200 0.18595278  39.25076265 20080418 1.7E+01  2.2E-02 20100919 1.8E+01 20100312 5.5E+01 20180411 2.5E+00 20191211
       1998 HQ151         E. Bowell        8.82  0.15                   16   0   0   0   0   6   740   18 20101031  25.961938 346.454431 228.920171 11.955440 0.28362609  39.41932213 20080418 1.0E+01  5.6E-04 20100919 1.1E+01 20100430 2.8E+01 20180528 1.3E+00 20200129
       1998 UR43          E. Bowell        8.18  0.15                    0   0   0   0   0   5  3684   30 20101031 354.515214  18.273190  53.870118  8.754881 0.22369952  39.65670246 20090520 5.6E-01 -4.5E-04 20100919 5.6E-01 20100910 3.3E+00 20191020 1.9E+00 20191021
       1998 WV24          E. Bowell        7.40  0.15                    0   0   0   0   0   5  3204   18 20101031  71.113333 162.788027 183.595992  1.516564 0.04122697  39.11482260 20090608 3.9E-01  1.8E-04 20100919 4.2E-01 20110223 1.9E+00 20191018 1.8E+00 20201007
       1998 WS31          E. Bowell        8.26  0.15                    0   0   0   0   0   5  3657   24 20101031  13.507551  28.294379  15.884789  6.733048 0.20471183  39.55164497 20090520 5.6E-01 -6.0E-04 20100919 5.6E-01 20100910 3.5E+00 20191017 1.7E+00 20191017
       1998 WV31          E. Bowell        8.09  0.15                   16   0   0   0   0   6  3636   20 20101031  57.572892 274.565385  58.528859  5.716384 0.27372874  39.44795223 20090520 4.1E-01 -1.2E-03 20100919 4.2E-01 20100902 2.2E+00 20190927 1.1E+00 20190928
       1998 WZ31          E. Bowell        8.08  0.15                    0   0   0   0   0   5  1169   24 20101031  27.041676 352.303165  50.521811 14.589570 0.17074130  39.62385941 20080418 1.2E+01  9.9E-03 20100919 1.2E+01 20101023 3.2E+01 20190722 1.9E+00 20200723
       1999 CY131         E. Bowell        8.07  0.15                    0   2   0   0   0   3     8    4 20101031  16.539872   0.681913 148.293009 27.220218 0.02169019  39.34264927 19990830 3.8E+05  7.2E+01 20100919 4.0E+05 20110302 4.4E+05 20190312 1.8E+03 20201130
       1999 CQ153         E. Bowell        7.55  0.15                    0   2   0   0   0   3    30    4 20101031 192.656658 161.315237 179.325770  0.223831 0.13415629  39.60584590 19990830 3.3E+05  3.1E+01 20100919 3.5E+05 20100307 3.6E+05 20180314 3.7E+05 20190315
       1999 CM158         E. Bowell        7.77  0.15                   16   0   0   0   0   4  2926   13 20101031  27.453820 164.054785 339.025767  9.300785 0.27655649  39.26940538 20080419 6.5E-01  1.4E-03 20100919 6.1E-01 20100623 3.4E+00 20190226 3.2E+00 20200222
       1999 JK132         E. Bowell        9.19  0.15                    0   2   0   0   0   3     9    4 20101031  92.730603  83.685382  32.663937 16.059949 0.17854040  39.46127742 19990908 5.1E+05 -1.8E+02 20100919 5.3E+05 20100514 5.3E+05 20100514 2.8E+03 20200212
       1999 LB37          E. Bowell        9.57  0.15                    0   2   0   0   0   3     1    4 20101031 309.044959 217.154692 119.814271 14.859002 0.18870721  39.65654320 20050302 5.8E+05 -2.8E+02 20100919 5.9E+05 20100621 5.9E+05 20100621 4.6E+04 20200321
       1999 RK215         E. Bowell        7.59  0.15                    0   0   0   0   0   5  1536   15 20101031 138.307810  96.818200 137.416564 11.450798 0.13518978  39.59379954 20080419 3.9E+00 -4.0E-03 20100919 4.0E+00 20100814 1.4E+01 20190514 1.1E+00 20200514
       1999 TR11          E. Bowell        8.42  0.15                   16   0   0   0   0   4   448   25 20101031  23.417282 347.010020  54.677707 17.119682 0.24837077  39.54884509 20080419 6.5E+01  6.1E-02 20100919 6.6E+01 20101101 1.8E+02 20190730 3.0E+00 20200801
       2000 CK105         E. Bowell        6.10  0.15                   16   0   0   0   0   6  2510   20 20101031 183.628719 352.795919 326.508641  8.157091 0.23509388  39.32938566 20080419 7.8E-01  1.6E-03 20100919 8.8E-01 20101221 3.7E+00 20190923 1.3E+00 20200920
       2000 CS105         E. Bowell        7.24  0.15                    0   2   0   0   0   3    24    4 20101031   4.246604 154.806572  17.266682  5.248130 0.01716085  39.46100241 20000325 3.7E+05  2.2E+01 20100919 3.9E+05 20100313 4.0E+05 20180322 5.0E+03 20191212
       2000 CP114         E. Bowell        7.99  0.15                    0   2   0   0   0   3    53    4 20101031  98.163270 261.293317 127.075115 31.045615 0.19067858  39.69537114 20080419 4.9E+05  6.9E+01 20100919 5.1E+05 20110220 5.2E+05 20100306 2.4E+02 20201120
       2000 FB8           E. Bowell        8.18  0.15                   16   0   0   0   0   6  2223   16 20101031  98.788838  66.489602   1.784697  4.596798 0.29783230  39.16807818 20080419 1.2E+00  5.4E-03 20100919 1.8E+00 20110128 6.2E+00 20190214 7.4E-01 20201028
       2000 FV53          E. Bowell        8.18  0.15                    0   0   0   0   0   5  1158   23 20101031  21.449046 350.675941 207.590504 17.363559 0.16108544  39.09736232 20090520 4.0E+00  6.0E-03 20100919 4.4E+00 20100316 1.7E+01 20190219 1.0E+00 20191216
       2000 QG226         E. Bowell        7.63  0.15                    0   2   0   0   0   3     5    9 20101031  97.518883 100.917603 133.306269  2.055178 0.18588708  39.34906019 20001115 5.3E+05  1.5E+00 20100919 5.3E+05 20100920 5.3E+05 20100920 3.1E+04 20200620
       2000 SS331         E. Bowell        8.90  0.15                    0   2   0   0   0   3     1    6 20101031  14.772365 236.400513 183.118577  3.578652 0.11531678  39.64396270 20001115 4.6E+05  2.3E+02 20100919 4.7E+05 20101206 5.1E+05 20181218 4.5E+04 20200905
       2000 YH2           E. Bowell        7.84  0.15                   16   0   0   0   0   4  2833   23 20101031 355.406114 232.328955 219.355160 12.899293 0.30272374  39.34745837 20090520 4.5E-01  6.2E-04 20100919 7.7E-01 20100306 3.7E+00 20181106 3.6E+00 20191119
       2001 FU172         E. Bowell        8.26  0.15                   16   0   0   0   0   6  1127   28 20101031  37.245053 134.080614  32.488055 24.772768 0.26658716  39.26926093 20080419 3.9E+00  6.0E-03 20100919 4.2E+00 20100316 1.5E+01 20180412 1.4E+00 20191215
       2001 FV185         E. Bowell        7.67  0.15                    0   2   0   0   0   3    57    4 20101031   3.406816 185.401523  13.181781 24.132544 0.13349068  39.58631833 20080419 3.9E+05 -6.2E+01 20100919 4.1E+05 20100411 4.4E+05 20180422 3.1E+02 20200110
       2001 KY76          E. Bowell        6.09  0.15                   16   0   0   0   0   6   740   33 20101031 299.667168 262.782737  90.076666  3.969312 0.23850576  39.43102389 20080419 4.9E+00  1.9E-03 20100919 5.7E+00 20100420 2.4E+01 20190117 1.8E+00 20200119
       2001 KB77          E. Bowell        7.25  0.15                   16   0   0   0   0   6  2215   15 20101031 339.989412  53.152921 223.035661 17.540038 0.28313949  39.56706658 20080419 1.1E+00  3.2E-03 20100919 1.5E+00 20100315 8.9E+00 20180426 1.5E+00 20190430
       2001 KD77          E. Bowell        5.62  0.15                    0   0   0   0   0   5  1497   26 20101031  29.121173  90.465402 139.212560  2.249905 0.11351730  39.57311728 20080419 2.4E+00  1.2E-03 20100919 2.9E+00 20100416 1.2E+01 20190112 1.7E+00 20200115
       2001 KQ77          E. Bowell        6.92  0.15                    0   0   0   0   0   5  1123   21 20101031 318.065716  65.027731 248.497407 15.628403 0.15860057  39.55393811 20080419 2.3E+00  1.8E-03 20100919 2.7E+00 20100411 1.2E+01 20190107 1.4E+00 20200110
       2001 QF298         E. Bowell        4.73  0.15                    0   0   0   0   0   0  3037   32 20101031 144.608041  43.409814 164.150413 22.301380 0.10628709  39.56487993 20100109 4.2E-01 -7.2E-04 20100919 4.8E-01 20100708 3.3E+00 20190731 2.0E+00 20190730
       2001 QH298         E. Bowell        7.67  0.15                    0   0   0   0   0   5  1044   11 20101031  54.666695 172.263005 129.406863  6.708681 0.11149356  39.63234236 20080419 5.4E+00 -5.0E-03 20100919 5.5E+00 20100810 2.0E+01 20190509 1.9E+00 20200510
       2001 QF331         E. Bowell        7.03  0.15                    0   2   0   0   0   3    63    5 20101031  14.554092 189.242056 156.931399  2.714374 0.11857570  39.70711337 20080419 4.4E+05  1.1E+01 20100919 4.4E+05 20100922 4.9E+05 20181006 2.4E+03 20200622
       2001 RU143         E. Bowell        5.98  0.15                    0   0   0   0   0   5  2566   19 20101031 144.201989  20.213132 209.227972  6.496302 0.14495692  39.63284348 20090520 3.0E-01 -4.8E-04 20100919 3.2E-01 20100807 2.2E+00 20190830 1.3E+00 20200507
       2001 RX143         E. Bowell        6.10  0.15                   16   0   0   0   0   6  1838   23 20101031  91.053437 241.022668  20.550570 19.198291 0.29496876  39.54438276 20090520 1.6E+00 -2.3E-03 20100919 1.6E+00 20100813 7.1E+00 20190512 1.8E+00 20200513
       2001 VN71          E. Bowell        8.87  0.15                   16   0   0   0   0   6  1505   16 20101031   4.705872   0.946711  70.426680 18.647916 0.24899672  39.58193215 20080419 2.2E+00  2.4E-03 20100919 2.2E+00 20101017 9.5E+00 20181121 1.2E+00 20200717
       2001 XD255         E. Bowell        5.56  0.15                    0   0   0   0   0   5  2875   12 20101031 272.908731 110.867678 106.680950 18.110417 0.10818944  39.35324574 20100109 2.3E-01  2.2E-04 20100919 2.3E-01 20100412 7.7E-01 20191011 7.1E-01 20191210
       2002 CW224         E. Bowell        6.93  0.15                   16   0   0   0   0   6  2585   15 20101031 299.467311 154.682351   1.625065  5.662175 0.24127163  39.41292488 20090520 6.1E-01 -2.6E-04 20100919 6.1E-01 20100916 5.5E+00 20191020 1.8E+00 20191024
       2002 CC251         E. Bowell        7.99  0.15                    0   2   0   0   0   3    42    4 20101031  17.224859 150.315344 358.531524  5.541059 0.14986400  39.43333331 20080419 4.3E+05  6.8E+01 20100919 4.5E+05 20100306 5.0E+05 20180321 2.0E+03 20191205
       2002 CE251         E. Bowell        8.38  0.15                   16   0   0   0   0   4   771   12 20101031 352.382628 215.445786 342.582239  9.310626 0.26470736  39.17004870 20080419 1.2E+01  2.8E-02 20100919 1.5E+01 20110211 5.8E+01 20191108 2.9E+00 20201111
       2002 GW31          E. Bowell        6.94  0.15                   16   0   0   0   0   6   710   17 20101031  94.139860 197.161685 227.068066  2.649124 0.24315606  39.18644304 20080419 5.3E+00  1.4E-02 20100919 6.7E+00 20110129 2.3E+01 20191029 1.4E+00 20201029
       2002 GE32          E. Bowell        7.13  0.15                   16   0   0   0   0   4  2576   13 20101031 290.367926 105.344432 203.765339 15.733158 0.23142769  39.22194952 20090509 5.0E-01 -6.1E-04 20100919 5.3E-01 20100730 4.3E+00 20191104 3.6E+00 20200316
       2002 GF32          E. Bowell        5.69  0.15                    0   0   0   0   0   5   708   23 20101031 119.335147  52.496682  44.336512  2.789750 0.17549846  39.20446360 20080419 3.3E+00  6.2E-03 20100919 3.7E+00 20100313 1.5E+01 20181211 1.4E+00 20191212
       2002 GL32          E. Bowell        7.85  0.15                    0   0   0   0   0   3   729   13 20101031   9.744787 192.450369  11.145440  7.090513 0.12313422  39.35065175 20080419 8.6E+00  1.9E-02 20100919 1.2E+01 20110305 4.6E+01 20191201 2.7E+00 20200308
       2002 GQ32          E. Bowell        7.72  0.15                    0   2   0   0   0   3     4    5 20101031  11.753753 178.130553  26.830074  5.823323 0.17625954  39.32938187 20020602 4.3E+05 -1.1E+02 20100919 4.5E+05 20100427 5.1E+05 20180513 1.7E+04 20200126
       2002 GT32          E. Bowell        8.07  0.15                    0   2   0   0   0   3     1    4 20101031  13.833277 109.562239 108.148987  2.254026 0.18204388  39.31481820 20020602 4.7E+05 -1.8E+02 20100919 4.9E+05 20100512 5.2E+05 20180528 5.3E+05 20190531
       2002 GV32          E. Bowell        7.40  0.15                    0   0   0   0   0   5  2233   30 20101031 354.351657 173.938881  79.120071  5.382922 0.19108886  39.45194747 20090520 3.7E-01  3.5E-04 20100919 4.6E-01 20100314 3.4E+00 20190425 1.7E+00 20190501
       2002 GY32          E. Bowell        6.87  0.15                    0   0   0   0   0   3  2568   17 20101031  21.828781 337.497290 225.582855  1.804362 0.08698062  39.36840101 20080423 7.1E-01  1.0E-03 20100919 7.6E-01 20100308 5.5E+00 20190405 2.9E+00 20191207
       2002 GH166         E. Bowell        6.54  0.15                    0   2   0   0   0   3    35    5 20101031   1.473378 196.788444  10.815375  8.605467 0.17037489  39.16222985 20080419 4.1E+05 -9.6E+01 20100919 4.3E+05 20100419 4.7E+05 20180502 1.6E+03 20200118
       2002 TH301         E. Bowell       10.66  0.15                    0   2   0   0   0   3     1   66 20101031  87.021341 213.385649  80.568541  1.786935 0.18202232  39.42221882 20021127 5.5E+05  1.8E+02 20100919 5.5E+05 20101107 5.5E+05 20101107 5.5E+05 20101107
       2002 TM301         E. Bowell        9.67  0.15                   16   2   0   0   0   6     1   92 20101031  76.532954 249.359067  40.274805  6.444018 0.30735557  39.58400053 20021127 5.3E+05  1.8E+02 20100919 5.4E+05 20101108 5.4E+05 20101108 1.4E+04 20200808
       2002 VB95          E. Bowell        8.90  0.15                    0   2   0   0   0   3    18   12 20101031   7.370337 355.879726  67.153365 12.194475 0.11253556  39.63158921 20030917 4.0E+05  1.9E+02 20100919 4.1E+05 20101202 4.4E+05 20181213 1.3E+03 20200901
       2002 VU130         E. Bowell        5.62  0.15                    0   0   0   0   0   0  2514   30 20101031 264.357356 280.332085 267.908767  1.368749 0.20637564  39.21708413 20100801 5.3E-01  3.3E-04 20100919 5.4E-01 20101007 3.4E+00 20191023 2.0E+00 20200708
       2002 VX130         E. Bowell        8.49  0.15                    0   0   0   0   0   3  2124   19 20101031   4.820175 105.714718 296.865150  1.320937 0.22723283  39.71607235 20090520 4.9E-01 -3.8E-05 20100919 4.9E-01 20100917 4.3E+00 20191012 2.7E+00 20191003
       2002 VY130         E. Bowell        8.36  0.15                    0   2   0   0   0   3    24    5 20101031  12.703240 179.343701 232.971948 28.004760 0.20637474  39.16032032 20030227 4.6E+05  2.5E+02 20100919 4.7E+05 20101128 5.3E+05 20181213 6.1E+02 20200828
       2002 VD138         E. Bowell        7.75  0.15                    0   0   0   0   0   5  1826   11 20101031  42.784878  40.573301 315.055721  2.783655 0.15102019  39.69331667 20080423 1.0E+00 -2.4E-03 20100919 1.1E+00 20100828 6.0E+00 20190928 1.4E+00 20200528
       2002 XG91          E. Bowell        7.61  0.15                   16   2   0   0   0   6     1    3 20101031  80.716952 264.801003  93.779120 14.968622 0.23282375  39.47809305 20030227 5.3E+05  1.9E+02 20100919 5.5E+05 20110110 5.5E+05 20110110 2.4E+04 20201010
       2002 XJ91          E. Bowell        8.33  0.15                   16   2   0   0   0   6     1    3 20101031  41.297598 335.593512  35.727026  8.415772 0.27006754  39.48856601 20030227 6.1E+05  3.2E+02 20100919 6.3E+05 20101208 6.3E+05 20161221 4.4E+04 20200907
       2002 XV93          E. Bowell        4.92  0.15                    0   0   0   0   0   5  6583   41 20101031 273.684122 164.034785  18.928270 13.258244 0.12244408  39.36520648 20090520 3.1E-01  2.2E-04 20100919 2.7E-01 20100314 1.0E+00 20181109 1.0E+00 20191029
       2003 FL127         E. Bowell        6.17  0.15                   16   0   0   0   0   6   710   14 20101031 151.028604  55.973735 314.330849  3.501474 0.23902515  39.16089954 20080420 6.9E+00  3.1E-02 20100919 9.2E+00 20110104 3.9E+01 20191004 2.0E+00 20200108
       2003 FF128         E. Bowell        6.71  0.15                    0   0   0   0   0   5  1538   42 20101031 337.750993 170.952220  91.729053  1.911477 0.21428757  39.43710081 20080420 8.2E-01  1.9E-03 20100919 9.1E-01 20100312 5.4E+00 20181207 1.8E+00 20191211
       2003 HA57          E. Bowell        8.03  0.15                    0   0   0   0   0   3   807   15 20101031   5.610113   5.439819 199.740805 27.673399 0.16892600  39.30026859 20080419 1.3E+01  3.2E-02 20100919 1.9E+01 20110305 7.9E+01 20191130 2.8E+00 20201203
       2003 HD57          E. Bowell        7.89  0.15                    0   0   0   0   0   5   807   15 20101031  29.597939 136.262418  34.379254  5.630453 0.17669618  39.31711848 20080419 1.3E+01  3.4E-02 20100919 1.8E+01 20110228 7.1E+01 20191126 1.4E+00 20201128
       2003 HF57          E. Bowell        8.67  0.15                    0   0   0   0   0   5  1836   19 20101031  30.142427 122.819717  48.121477  1.424315 0.19065422  39.22590604 20080621 3.1E-01 -2.6E-04 20100919 3.2E-01 20100802 2.4E+00 20190411 1.9E+00 20200315
       2003 LF7           E. Bowell        7.90  0.15                    0   2   0   0   0   3    37    6 20101031  12.758372 215.933989  21.710404  3.201388 0.11906701  39.17704252 20080419 4.4E+05 -1.8E+02 20100919 4.6E+05 20100531 5.1E+05 20180614 7.4E+03 20200229
       2003 QB91          E. Bowell        5.69  0.15                    0   0   0   0   0   5   717   12 20101031 137.006438  81.726309 136.692688  6.486268 0.18961908  39.43917916 20080419 2.2E+00 -6.4E-03 20100919 2.5E+00 20100723 1.3E+01 20190421 9.9E-01 20190801
       2003 QH91          E. Bowell        6.65  0.15                    0   0   0   0   0   5   979   18 20101031 114.027571 267.818928 286.743281  3.660277 0.14701746  39.59848829 20080419 1.4E+00 -2.3E-03 20100919 1.6E+00 20100615 8.5E+00 20190316 1.7E+00 20200315
       2003 QX111         E. Bowell        6.46  0.15                    0   0   0   0   0   3  1508   16 20101031  90.197523 103.377230 157.438022  9.513852 0.13303637  39.54654440 20080419 1.6E+00 -5.3E-03 20100919 1.8E+00 20100720 1.0E+01 20180812 2.4E+00 20200419
       2003 SO317         E. Bowell        8.36  0.15                   16   0   0   0   0   4   654   28 20101031  46.755903 113.232551 187.285036  6.550162 0.27777074  39.63033994 20080419 4.6E+00 -2.6E-03 20100919 4.6E+00 20100827 2.1E+01 20190528 2.3E+00 20200527
       2003 SR317         E. Bowell        7.47  0.15                    0   0   0   0   0   5  1824   20 20101031  53.735685 120.412362 175.620451  8.328335 0.16918477  39.71600594 20090520 5.2E-01 -3.8E-03 20100919 6.7E-01 20100714 5.5E+00 20190814 1.4E+00 20190815
       2003 TH58          E. Bowell        7.55  0.15                    0   0   0   0   0   3  1814   24 20101031  20.404462 166.585904 251.373098 27.915780 0.09348927  39.44464213 20100306 3.3E-01  4.6E-04 20100919 2.6E-01 20100315 2.5E+00 20191118 2.3E+00 20191113
       2003 UP292         E. Bowell        6.80  0.15                   16   2   0   0   0   6    28    4 20101031   9.858505   6.726947  27.517779 13.883431 0.27725789  39.71545493 20040511 5.1E+05  2.5E+02 20100919 5.2E+05 20101110 5.8E+05 20181129 1.2E+03 20200810
       2003 UQ292         E. Bowell        6.97  0.15                    0   2   0   0   0   3    32    4 20101031  10.946204 295.582625  96.623439  3.112128 0.12594207  39.61946651 20080420 4.4E+05  1.6E+02 20100919 4.5E+05 20101103 4.7E+05 20181116 7.5E+03 20200803
       2003 UT292         E. Bowell        6.99  0.15                   16   0   0   0   0   6  1865   23 20101031 338.599296 255.187757 210.940832 17.521617 0.29623253  39.40894332 20090520 3.4E-01  9.4E-05 20100919 3.4E-01 20100924 3.4E+00 20191112 1.8E+00 20191117
       2003 UU292         E. Bowell        8.18  0.15                    0   2   0   0   0   3    28    4 20101031  11.113749 191.395352 218.884726 16.546674 0.13548937  39.60588561 20040511 4.2E+05  2.0E+02 20100919 4.3E+05 20101123 4.8E+05 20181205 1.1E+03 20200823
       2003 UV292         E. Bowell        7.22  0.15                    0   0   0   0   0   5  1838   16 20101031  50.206387 122.579044 235.643330 10.959890 0.21832391  39.50007553 20090520 2.0E-01  1.4E-04 20100919 2.1E-01 20101001 1.7E+00 20191031 8.7E-01 20200701
       2003 UZ292         E. Bowell        7.62  0.15                    0   2   0   0   0   3    28    4 20101031   9.741946 348.292728  60.866925 23.437198 0.05011806  39.59438733 20040511 3.8E+05  1.6E+02 20100919 3.8E+05 20101120 4.1E+05 20181129 8.1E+02 20200820
       2003 UZ413         E. Bowell        4.36  0.15                    0   0   0   0   0   5 19443   30 20101031  99.205258 146.827040 135.929421 12.043650 0.22233919  39.42155444 20080419 2.1E-01 -3.3E-04 20100919 2.2E-01 20100823 5.7E-01 20180908 4.7E-01 20190910
       2003 WU172         E. Bowell        6.53  0.15                   16   0   0   0   0   4  1773   36 20101031 344.472428 100.058550  10.282128  4.143725 0.25672575  39.28128219 20090520 6.8E-01  1.3E-03 20100919 1.1E+00 20120103 5.8E+00 20181210 2.8E+00 20211004
       2003 WA191         E. Bowell        8.50  0.15                   16   0   0   0   0   4  1817   19 20101031  18.411671 226.567848 179.122853  4.516844 0.23882184  39.48679693 20090520 8.7E-01  3.5E-04 20100919 8.7E-01 20100923 7.9E+00 20191101 3.1E+00 20191031
       2003 WN193         E. Bowell        8.31  0.15                   16   0   0   0   0   6    42   12 20101031  10.536120 255.470518 138.092731 21.623050 0.25838997  39.66741731 20080419 8.9E+03  2.5E+00 20100919 8.9E+03 20100929 3.5E+04 20190627 5.1E+02 20200629
       2003 YY179         E. Bowell        9.12  0.15                    0   2   0   0   0   3    74    6 20101031  11.487913 176.214835 255.411045 10.898115 0.15993897  39.68519143 20080420 4.3E+05  2.3E+02 20100919 4.4E+05 20101215 4.9E+05 20181229 4.9E+02 20200914
       2004 EV95          E. Bowell        7.40  0.15                    0   0   0   0   0   5  1149   12 20101031 106.191643 254.290585 192.205290 12.304144 0.18537658  39.34974022 20080419 1.6E+00  7.9E-03 20100919 2.7E+00 20110215 1.4E+01 20191114 1.5E+00 20201115
       2004 EH96          E. Bowell        8.13  0.15                   16   0   0   0   0   4  1869   22 20101031  17.353385 300.775967 226.138429  3.137206 0.27673355  39.25262093 20090509 5.6E-01  4.9E-03 20100919 1.2E+00 20110129 8.4E+00 20190308 2.8E+00 20200311
       2004 EJ96          E. Bowell        7.86  0.15                   16   0   0   0   0   6   773   19 20101031 327.655182 232.993256  18.725281  9.356857 0.23804214  39.41077785 20080420 3.0E+00  1.1E-02 20100919 4.3E+00 20110216 2.4E+01 20191113 1.4E+00 20201116
       2004 FU148         E. Bowell        6.66  0.15                    0   0   0   0   0   3  1834   23 20101031 321.925991  82.501702 197.940532 16.678907 0.22913039  39.48257516 20090411 3.2E-01  3.7E-04 20100919 3.0E-01 20100310 3.6E+00 20190412 2.3E+00 20191209
       2004 FW164         E. Bowell        8.07  0.15                    0   0   0   0   0   3   829   21 20101031   4.503615   7.274728 198.005919  9.130843 0.15490055  39.37101345 20080419 7.4E+00  2.0E-02 20100919 1.1E+01 20110227 4.4E+01 20191125 3.0E+00 20201127
       2004 PA112         E. Bowell        7.09  0.15                    0   0   0   0   0   3  1154   18 20101031 332.191672 226.371828 159.562608 32.871176 0.11332076  39.16216819 20080420 2.2E+00 -5.5E-03 20100919 2.4E+00 20100712 1.7E+01 20190408 3.0E+00 20200411
       2004 TW357         E. Bowell        7.76  0.15                    0   2   0   0   0   3    25    4 20101031   6.850992  11.277425  43.066511 31.936866 0.19100449  39.59243965 20050303 4.4E+05  2.2E+02 20100919 4.5E+05 20101122 4.9E+05 20181205 6.6E+02 20200822
       2004 UE10          E. Bowell        7.71  0.15                    0   2   0   0   0   3    23    4 20101031  10.198223 359.447728  46.737464 18.687496 0.11867657  39.63678282 20050302 4.1E+05  1.8E+02 20100919 4.1E+05 20101117 4.6E+05 20181129 1.3E+03 20200817
       2004 UF10          E. Bowell        7.81  0.15                    0   2   0   0   0   3    23    5 20101031   3.418544  90.641668 326.171194  5.340691 0.12565873  39.26956682 20050302 4.5E+05  2.1E+02 20100919 4.6E+05 20101122 4.7E+05 20181203 1.2E+04 20200822
       2004 UW10          E. Bowell       10.49  0.15                   16   2   0   0   0   6    58    6 20101031 357.259405   2.133583  35.122700  4.662809 0.26077318  39.69801088 20080420 4.8E+05  1.8E+02 20100919 4.8E+05 20101027 5.0E+05 20181111 1.4E+03 20200727
       2004 VT75          E. Bowell        6.04  0.15                    0   0   0   0   0   5  1482   24 20101031  65.892314 273.483498  26.597984 12.815190 0.21310469  39.55889687 20090520 5.5E-01 -2.0E-03 20100919 5.9E-01 20100811 4.7E+00 20180906 1.9E+00 20190909
       2004 VX75          E. Bowell        7.01  0.15                    0   2   0   0   0   3     1    3 20101031  15.735025   1.036554  38.833534 22.650077 0.01577375  39.60577999 20050302 3.7E+05  1.4E+02 20100919 3.7E+05 20101117 3.9E+05 20181124 4.0E+05 20191126
       2004 VZ75          E. Bowell        6.90  0.15                    0   0   0   0   0   3  1412   15 20101031 269.210944  11.870841 168.563552  4.463672 0.19066965  39.58038414 20090520 4.1E-01  1.9E-04 20100919 4.1E-01 20100926 5.2E+00 20191017 2.4E+00 20200626
       2004 VL78          E. Bowell        8.24  0.15                   16   2   0   0   0   6     7    4 20101031   7.760490 184.532970 225.402026 19.045148 0.23900006  39.59183997 20050302 4.7E+05  2.5E+02 20100919 4.8E+05 20101121 5.3E+05 20181207 3.8E+03 20200821
       2004 VN78          E. Bowell        7.85  0.15                    0   2   0   0   0   3    30    6 20101031   4.450923 103.612873 320.547831  3.113647 0.18561440  39.57844543 20050302 4.3E+04  3.7E+01 20100919 4.4E+04 20101027 1.6E+05 20190726 1.2E+04 20200727
       2004 XZ186         E. Bowell        9.96  0.15                   16   2   0   0   0   6     2    3 20101031 315.672049 275.271379 222.410117 10.998554 0.33462918  39.63641003 20051103 6.3E+05  3.0E+02 20100919 6.4E+05 20101120 6.6E+05 20181210 3.7E+04 20200820
       2005 EZ296         E. Bowell        6.91  0.15                    0   0   0   0   0   3  1477   22 20101031 325.497947 213.275362  24.395075  1.776686 0.14821623  39.30289287 20090411 5.0E-01  2.7E-03 20100919 8.2E-01 20110129 6.6E+00 20191026 2.7E+00 20201029
       2005 EK298         E. Bowell        7.49  0.15                    0   2   0   0   0   3     1    3 20101031  83.687945 271.891219 149.267620 40.394004 0.13050795  39.21331904 20050630 5.4E+05  6.3E+01 20100919 5.6E+05 20110301 5.6E+05 20100306 1.1E+04 20201129
       2005 EZ300         E. Bowell        7.29  0.15                   16   0   0   0   0   4  1508   27 20101031 315.506936 253.317367 357.126874 10.349648 0.23779126  39.37592232 20090509 3.8E-01  2.5E-03 20100919 6.2E-01 20110119 5.4E+00 20191016 2.3E+00 20201019
       2005 EX318         E. Bowell        6.97  0.15                    0   2   0   0   0   3     2    4 20101031   6.647447  85.752847  94.182521  6.535513 0.17212185  39.21985734 20050630 4.6E+05 -2.4E+01 20100919 4.9E+05 20100328 5.1E+05 20180410 5.2E+05 20190412
       2005 GA187         E. Bowell        7.21  0.15                    0   0   0   0   0   3   382   19 20101031 293.986081 283.867706  27.754321 18.784961 0.22187162  39.36779890 20080419 1.2E+01  4.4E-02 20100919 2.0E+01 20110304 1.3E+02 20191201 3.4E+00 20201202
       2005 GB187         E. Bowell        7.04  0.15                   16   0   0   0   0   4  1091   31 20101031  11.212070 349.367282 217.097430 14.706799 0.23377036  39.34378407 20090520 7.2E-01  1.1E-03 20100919 6.9E-01 20100323 7.8E+00 20190416 3.6E+00 20191222
       2005 GE187         E. Bowell        7.30  0.15                   16   0   0   0   0   6  2571   22 20101031 328.982633  86.126576 205.453537 18.277926 0.32562342  39.33010834 20080621 2.5E-01  5.1E-04 20100919 4.3E-01 20110308 2.2E+00 20190418 7.3E-01 20200424
       2005 GF187         E. Bowell        7.84  0.15                   16   0   0   0   0   4  1476   26 20101031 341.835096 135.302906 128.953717  3.905865 0.25429920  39.39235079 20090520 3.2E-01  7.5E-04 20100919 3.8E-01 20100306 5.1E+00 20190422 2.6E+00 20190429
       2005 GX206         E. Bowell        6.90  0.15                    0   2   0   0   0   3     1    4 20101031   8.822694  49.012687 128.806460  9.706667 0.04997671  39.15980131 20050701 4.1E+05 -6.7E+00 20100919 4.3E+05 20100326 4.6E+05 20180405 4.6E+05 20190407
       2005 GY206         E. Bowell        7.72  0.15                    0   2   0   0   0   3     1    4 20101031   8.306799  23.590311 155.597396 19.603294 0.11501823  39.29349160 20050701 4.1E+05 -6.1E+00 20100919 4.3E+05 20100327 4.7E+05 20180408 4.1E+04 20191226
       2005 GV210         E. Bowell        6.75  0.15                    0   0   0   0   0   3  1056   18 20101031 103.357745 258.904797 174.819210 12.040634 0.17130313  39.09430138 20080423 6.8E-01  3.7E-03 20100919 1.1E+00 20110128 7.8E+00 20191027 2.2E+00 20200211
       2005 GW210         E. Bowell        7.43  0.15                   16   2   0   0   0   6    58    4 20101031  63.967432  78.901002  37.407742 25.669811 0.32881201  39.42108150 20080420 5.6E+05 -1.9E+02 20100919 5.9E+05 20100501 5.9E+05 20100501 3.3E+02 20200130
       2005 TV189         E. Bowell        7.85  0.15                    0   0   0   0   0   5  2208   26 20101031   5.611905 185.017067 246.194719 34.366528 0.19061700  39.50928576 20100829 2.9E-01  2.7E-04 20100919 3.0E-01 20100927 3.3E+00 20191112 1.9E+00 20191115
       2005 VA123         E. Bowell        6.96  0.15                   16   0   0   0   0   6  1124   16 20101031  48.702177 317.777223  39.728081  1.513607 0.25560267  39.70582797 20090204 1.7E+00  1.9E-03 20100919 1.7E+00 20101002 1.8E+01 20190629 1.7E+00 20200702
       2006 AL98          E. Bowell        9.00  0.15                    0   2   0   0   0   3     1    4 20101031  19.749387 348.668648 125.721577 14.598218 0.02462023  39.38962434 20060413 3.7E+05  1.2E+02 20100919 3.8E+05 20110201 4.2E+05 20190211 4.2E+05 20200213
       2006 HF123         E. Bowell        7.04  0.15                    0   2   0   0   0   3     2    3 20101031   3.828579 183.732113 308.790014 12.825156 0.16909676  39.34643057 20060724 4.1E+05  1.4E+02 20100919 4.3E+05 20110207 4.7E+05 20190219 1.8E+04 20200519
       2006 HJ123         E. Bowell        5.47  0.15                   16   0   0   0   0   4  1096   16 20101031 301.080759 102.441385 222.583087 12.470084 0.30435416  39.42864498 20090509 3.3E-01  7.2E-04 20100919 7.5E-01 20110307 8.4E+00 20191202 2.9E+00 20201205
       2006 UZ184         E. Bowell        7.30  0.15                    0   0   0   0   0   3   769   29 20101031   9.448050 149.543717 235.928619 14.824806 0.23155720  39.54927002 20090204 1.3E+00 -1.3E-03 20100919 1.3E+00 20100905 1.6E+01 20190602 3.2E+00 20200605
       2006 UP321         E. Bowell        7.05  0.15                    0   2   0   0   0   3    59    6 20101031 358.167055 127.994988 252.094309 10.986841 0.14293208  39.64133960 20081118 4.4E+05  8.3E+01 20100919 4.5E+05 20101010 4.5E+05 20101010 3.3E+03 20200710
       2006 UR321         E. Bowell        8.51  0.15                    0   2   0   0   0   3     1    3 20101031   6.136499 282.099911 140.029085  2.853598 0.22589098  39.69312537 20070705 4.9E+05  2.7E+02 20100919 5.0E+05 20101201 5.3E+05 20181216 5.3E+05 20191218
       2006 WS195         E. Bowell        8.06  0.15                   16   0   0   0   0   6   835   29 20101031  71.398409 233.257290  62.584308 32.679018 0.24116204  39.69215316 20100109 1.2E+01 -7.4E-03 20100919 1.2E+01 20100902 8.7E+01 20190924 1.6E+00 20200603
       2007 JF43          E. Bowell        5.14  0.15                    0   0   0   0   0   3  2599   18 20101031 284.724432 123.102315 207.553543 15.108710 0.18504624  39.32540652 20090710 6.1E-01  7.3E-04 20100919 5.8E-01 20100323 6.0E+00 20190411 3.7E+00 20191223
       2007 JH43          E. Bowell        4.63  0.15                    0   0   0   0   0   5  8824   33 20101031 177.622846 356.321759  64.589550 18.175075 0.02987682  39.37653471 20090907 1.8E-01 -2.8E-04 20100919 1.8E-01 20100818 5.7E-01 20190326 6.2E-01 20200326
       2007 RT15          E. Bowell        6.92  0.15                    0   0   0   0   0   3  1747   22 20101031  19.520953 276.009841  82.253246 12.921046 0.23466079  39.68356765 20080824 1.0E+00  7.7E-04 20100919 1.5E+00 20111025 6.9E+00 20181013 2.3E+00 20210725
       2007 TH422         E. Bowell        7.70  0.15                   16   0   0   0   0   4   446   27 20101031   5.439637 313.153034  96.336199 28.541902 0.28036070  39.54637743 20090204 4.8E+00  2.2E-03 20100919 4.8E+00 20100926 7.1E+01 20190623 4.7E+00 20200626
       2007 TY430         E. Bowell        6.70  0.15                   16   0   0   0   0   4   733   24 20101031 350.890533 204.779690 196.686067 11.264525 0.26998323  39.53823315 20091105 7.2E-01 -1.6E-03 20100919 7.5E-01 20100821 1.6E+01 20190807 6.1E+00 20200522
       2008 SO266         E. Bowell        6.84  0.15                   16   0   0   0   0   3   389   14 20101031  29.374283 173.470676 158.696471 18.776730 0.24737234  39.69069917 20091105 2.5E+00 -1.0E-02 20100919 2.7E+00 20100816 1.1E+02 20190914 1.5E+01 20200516
       2008 UB332         E. Bowell        6.95  0.15                   16   2   0   0   0   6     1    3 20101031   3.679684 283.465240 111.010589 33.296233 0.24705294  39.69983258 20081213 4.9E+05  1.8E+02 20100919 5.0E+05 20101103 5.3E+05 20181121 1.3E+05 20200803
       2010 EL139         E. Bowell        5.11  0.15                    0   2   0   0   0   3    89   18 20101031  29.499413 199.212157 331.170481 23.017264 0.06725999  39.25296988 20100703 1.4E+01  2.3E-01 20100919 4.7E+01 20110305 1.3E+03 20200312 6.8E+02 20201204
       2010 HE79          E. Bowell        5.29  0.15                    0   2   0   0   0   3    49   12 20101031  51.082654 281.957121 238.704726 15.716559 0.20181093  39.51061234 20100701 2.0E+02  4.0E+00 20100919 9.8E+02 20110504 9.6E+03 20200401 1.7E+03 20210202
